Age,Sex,ChestPainType,RestingBP,Cholesterol,FastingBS,MaxHR,ExerciseAngina,Oldpeak,HeartDisease
63,1,3,145,233,1,150,1,2.3,1
67,1,2,160,286,1,108,1,1.5,1
67,1,2,120,229,1,129,1,2.6,1
64,1,3,150,244,1,135,1,2.4,1
55,0,3,140,192,1,148,1,2.3,1
57,0,2,130,131,1,139,1,0.4,1
56,1,2,120,236,1,140,1,1.0,1
60,1,3,140,204,1,160,1,1.2,1
61,0,3,150,245,1,155,1,1.6,1
53,1,1,140,203,1,160,1,0.6,1
58,0,2,130,250,1,140,1,1.4,1
62,1,3,150,300,1,130,1,2.0,1
70,1,2,160,270,1,120,1,1.8,1
72,1,2,150,200,1,130,1,1.0,1
65,0,3,140,180,1,145,1,2.5,1
68,1,3,160,220,1,130,1,1.5,1
75,1,2,145,250,1,110,1,2.2,1
80,0,1,120,210,1,150,1,0.8,1
59,1,2,140,230,1,145,1,1.1,1
66,1,3,150,240,1,135,1,2.0,1
71,0,2,160,260,1,120,1,1.9,1
69,1,3,155,280,1,125,1,2.1,1
54,0,1,130,200,1,150,1,0.7,1
52,1,2,140,190,1,160,1,1.3,1
